264.46556776556764,0.0003410869281383646,6.264,0.496
102.38275879177569,0.001022427035335194,13.592,0.528
140.7862522893775,0.0008687613909194624,10.784,0.5312
183.89400183150173,0.0003297304812250172,8.952,N/A
126.11915468727015,0.001022080189969201,14.32,N/A
163.26476472079787,0.0007855883941580704,13.112,N/A
227.1425925177767,0.00025793365589684146,10.048,N/A
293.5758928571428,0.0001681797184287668,6.304,N/A
176.37574404761915,0.0003735004127593501,10.648,N/A
259.0339285714283,2.0578233416152948e-10,7.136,N/A
170.32049208853587,0.0008764083456344459,9.456,N/A
219.47309053175886,0.00016593376493762653,9.904,N/A
176.49635989010991,0.0009734307094823863,9.104,N/A
235.3146749084248,0.0004035413528021158,7.656,N/A
226.08638022516703,0.0002478420591824551,9.928,N/A
